111111111111111111111111111111111111111111111111111111111111
111111111111111111111111111111111111111111111111111111111111
111000000000000000000000000000000000000000000000001111111111
111000000000000000000000000000000000000000000000001111111111
111000000000000000000000000000000000000000000000001111111111
1110000000000000000010000000000000000000000000000001111111111
111000000000000000000100000000000000000000000000001111111111
111000000000000000000000000000000000000000000000001111111111
1110000000000000000000000000S00000000000000000000001111111111
111000000000000000000000000000000000000000000000001111111111
111000000000000000000000000000000000000000000000001111111111             1
1110000000000000000000000000000000000000000000000011111111111           101
111111111111111111111111111111111111111111111111111111111111             1
111111111111111111111111111111111111111111111111111111111111
, 898invalid map
